5.304019988137462178e+02,1.368327949051884040e-01
2.189128558845362988e+02,3.961938528924794367e-01
1.691935391790461836e+02,2.938546139931237922e-01
1.173165284534589716e+02,6.027840040356680085e-01
6.053674203673399461e+02,8.920880480215334085e-01
1.473942436005723664e+02,2.044704394066452768e-01
3.895722880159654551e+02,2.388713306773193601e-01
1.159544519818695960e+02,3.066512461277438040e-01
1.173907065724319523e+02,4.347191733460945562e-01
1.680443830646556478e+02,2.048151146183144755e-01
1.418992021686564726e+02,3.323601003369687223e-01
4.509827309125067814e+02,4.962448758044331054e-01
2.736270231196227769e+02,8.736034516311188547e-01
4.163081833373863674e+02,3.379118905124987027e-01
3.702624583944423193e+02,6.214415491621938514e-01
1.775973163004289574e+02,5.284903180919789945e-01
6.242371220179401234e+02,8.096211046820939172e-01
5.057441392344250062e+02,7.916785980830175484e-01
2.036639462495459441e+02,8.524262585091728628e-01
4.847622621978556481e+02,1.846665108013074708e-01
4.518715613744248571e+02,5.905778556834615500e-01
3.251097311202224773e+02,2.428726488269056516e-01
6.926505478294591285e+02,1.593416474726473686e-01
1.353225576790170521e+02,8.967461917406970295e-01
2.160163705118912958e+02,3.850191819368190549e-01
4.035329268823178950e+02,7.715795909434536304e-01
1.526886902415976408e+02,6.104571326051098090e-01
5.552331789513260674e+02,2.676990959466695186e-01
5.735666996692538078e+02,8.827415525374645577e-01
4.206366856191323222e+02,2.107290908945271823e-01
6.815364755241936336e+02,5.425784878588930660e-01
5.985151277313270839e+02,3.133875026484558290e-01
3.173610237042360041e+02,3.493534460802043551e-01
7.199090466022192913e+02,3.647986752080504269e-01
7.145137329584658801e+02,2.166647499330481286e-01
2.150796879109920212e+02,7.566073371337630471e-01
1.170413497135740357e+02,2.288939542792598481e-01
6.656229656380503457e+02,4.986746955195012765e-01
6.893577297283400185e+02,3.648251634234425111e-01
4.103840949145694594e+02,2.558738117466299311e-01
3.541595675450520275e+02,2.170620527042978753e-01
1.934651642327216337e+02,6.493807938044108274e-01
2.149664604621010540e+02,8.956952817003686063e-01
3.319225777399185517e+02,3.278056628663273964e-01
1.702990303517082964e+02,5.529535482057764684e-01
5.178169658140393494e+02,1.962460382453290464e-01
4.936534942828009775e+02,1.346903570472466061e-01
2.890340759576822052e+02,2.262815676635769602e-01
1.910438969940597644e+02,4.464114330617791060e-01
1.181819265679274338e+02,4.017723454669858141e-01
1.163777782070040701e+02,1.481410965444287520e-01
2.831454317351950181e+02,5.998699747313097630e-01
4.719719117573006315e+02,4.902373203565767446e-01
1.165516151403579101e+02,4.293728980378881399e-01
2.999971806444889353e+02,4.612278828652109919e-01
6.559183038553676397e+02,5.420875574064816238e-01
1.147494929452987691e+02,8.478554925299670586e-01
1.342288345942544936e+02,3.115312156408328592e-01
1.859307369281615081e+02,1.141434577216943885e-01
2.183305091084737626e+02,6.587301320893036438e-01
1.309304811474517862e+02,7.458742244575632396e-01
7.413252984554072782e+02,6.138742569620568856e-01
6.190957630394547095e+02,5.220032531675750098e-01
6.612529270072144527e+02,7.658908376673462248e-01
1.459833445729453558e+02,3.808874663518946324e-01
4.408004595390137865e+02,2.516509060953804888e-01
6.254461867295635784e+02,1.138276150453245705e-01
2.610136007509523211e+02,8.845799659119616409e-01
1.386626318444248227e+02,7.488191532736618861e-01
2.255953671670704352e+02,8.686362141323473729e-01
6.420972009815483261e+02,1.101848399577863707e-01
1.147980983075151329e+02,3.264920054439013342e-01
2.419874529683339119e+02,2.818557760207934249e-01
1.189791088397075924e+02,1.021857626817022080e-01
1.152351189611957665e+02,3.791689546137894107e-01
1.471989882994491552e+02,4.518519057476304557e-01
1.375310447262889681e+02,2.452243089913314356e-01
2.371514092268057823e+02,5.062612482190342877e-01
1.347244575707387639e+02,3.262418446522911131e-01
1.233260970476024738e+02,8.616379109501035582e-01
1.645562339842106212e+02,4.798818984512712715e-01
3.052827263165250997e+02,3.080314474167747396e-01
3.121128760611733242e+02,3.472098597427865085e-01
1.713297722616941030e+02,1.171034902288809604e-01
1.562211740312082213e+02,3.261451849279345394e-01
3.344842849060294725e+02,3.063475782426288152e-01
2.497044258402422372e+02,8.583502583143345355e-01
1.155080653478167818e+02,6.783457914559446467e-01
1.362975072136435699e+02,7.632400421523114487e-01
1.806467824101866313e+02,5.587668352870368560e-01
1.782073842725604038e+02,1.986288517294172162e-01
1.151940159346049342e+02,5.633520215642013884e-01
4.331023370165945039e+02,5.353707917850965003e-01
1.268514861177646509e+02,4.861471731918104444e-01
3.212099560585254494e+02,5.845156171803317369e-01
5.269767761909849924e+02,5.309567326208995963e-01
4.667987725392768539e+02,4.504890283372263715e-01
1.201377143990609397e+02,6.711432146023678103e-01
4.227056109216794653e+02,3.541258728897042074e-01
2.381635652465091084e+02,3.590169523241640848e-01
